<?xml version="1.0" encoding="UTF-8" standalone="no"?>
<!DOCTYPE svg PUBLIC "-//W3C//DTD SVG 20010904//EN"
              "http://www.w3.org/TR/2001/REC-SVG-20010904/DTD/svg10.dtd">

<svg xmlns="http://www.w3.org/2000/svg"
     width="0.578889in" height="0.572222in"
     viewBox="0 0 521 515">
  <path id="path822"
        fill="none" stroke="black" stroke-width="1"
        d="M 231.10,512.48
           C 222.92,508.76 216.55,502.47 213.06,494.66
             210.17,488.19 209.89,485.55 209.44,460.52
             209.44,460.52 208.96,433.39 208.96,433.39
             208.96,433.39 203.91,428.82 203.91,428.82
             195.88,421.56 193.38,414.05 193.12,396.37
             193.12,396.37 192.90,381.32 192.90,381.32
             192.90,381.32 186.72,387.30 186.72,387.30
             180.68,393.15 176.06,396.26 173.40,396.26
             172.67,396.26 166.28,392.30 159.21,387.47
             152.14,382.64 146.21,378.88 146.03,379.13
             145.85,379.38 144.57,385.58 143.18,392.92
             141.13,403.76 139.96,406.97 136.96,410.03
             136.96,410.03 133.26,413.79 133.26,413.79
             133.26,413.79 113.15,413.36 113.15,413.36
             89.13,412.85 89.54,413.12 86.05,395.54
             82.41,377.17 83.79,377.82 69.37,387.67
             62.45,392.39 55.58,396.26 54.11,396.26
             49.92,396.26 19.99,365.68 19.99,361.40
             19.99,359.44 23.33,353.22 27.98,346.55
             32.38,340.24 35.98,334.57 35.98,333.96
             35.98,333.35 29.53,331.51 21.65,329.87
             2.24,325.84 2.66,326.48 2.66,301.53
             2.66,276.60 2.37,277.06 21.15,272.82
             28.70,271.11 35.18,269.41 35.56,269.04
             35.94,268.66 32.59,263.00 28.12,256.47
             23.42,249.60 19.99,243.15 19.99,241.20
             19.99,236.28 49.26,206.80 54.15,206.80
             56.21,206.80 62.56,210.24 69.99,215.39
             69.99,215.39 82.38,223.99 82.38,223.99
             82.38,223.99 84.57,213.73 84.57,213.73
             88.55,195.06 89.45,193.03 94.94,190.35
             99.46,188.13 99.94,187.40 99.94,182.62
             99.94,175.35 103.45,158.78 107.54,146.76
             122.94,101.52 158.40,64.19 202.10,47.24
             223.04,39.12 239.63,36.03 262.33,36.03
             262.33,36.03 278.82,36.02 278.82,36.02
             278.82,36.02 292.16,26.02 292.16,26.02
             306.19,15.49 310.68,13.98 314.95,18.35
             316.21,19.63 321.43,26.38 326.55,33.35
             336.91,47.45 338.92,49.37 343.34,49.37
             348.22,49.37 350.12,44.55 352.99,24.87
             355.71,6.25 356.71,3.40 361.04,2.02
             362.34,1.61 375.91,3.08 391.18,5.29
             427.18,10.50 425.04,8.58 421.99,33.00
             419.19,55.31 419.18,56.63 421.83,59.28
             425.69,63.15 429.84,61.58 443.96,50.90
             459.87,38.87 462.09,37.55 465.58,38.11
             469.12,38.68 470.83,40.63 488.25,64.04
             498.79,78.21 503.65,85.84 503.66,88.28
             503.68,92.41 501.19,94.92 484.39,107.67
             470.87,117.93 468.09,122.40 472.49,126.80
             474.55,128.86 479.36,130.08 493.74,132.17
             509.36,134.45 512.85,135.38 515.51,138.02
             515.51,138.02 518.67,141.16 518.67,141.16
             518.67,141.16 515.07,167.64 515.07,167.64
             511.08,196.93 510.51,199.08 506.00,202.04
             503.18,203.89 501.19,203.84 484.96,201.45
             475.10,200.00 466.29,198.80 465.37,198.80
             462.84,198.79 458.37,203.81 458.37,206.66
             458.37,208.04 463.77,216.51 470.37,225.48
             476.96,234.44 482.36,242.37 482.36,243.10
             482.36,246.95 475.98,253.00 457.12,267.05
             437.49,281.67 434.43,283.39 428.80,283.00
             427.56,282.92 421.37,275.91 415.04,267.43
             403.30,251.71 399.09,248.33 394.37,250.85
             391.38,252.46 390.18,256.81 386.89,278.14
             383.50,300.09 385.30,299.30 350.16,294.32
             335.29,292.22 322.14,289.99 320.93,289.37
             318.69,288.22 315.38,280.61 316.40,278.95
             317.72,276.82 321.26,246.19 320.52,243.26
             319.49,239.13 314.00,236.93 310.05,239.04
             308.45,239.90 300.90,245.31 293.27,251.05
             285.14,257.18 278.12,261.50 276.28,261.50
             272.17,261.50 270.96,260.19 252.74,235.88
             235.49,212.88 234.37,209.87 240.85,203.95
             242.86,202.11 250.08,196.44 256.88,191.36
             269.50,181.92 271.87,178.52 269.24,173.59
             267.48,170.31 266.91,170.15 244.56,166.89
             230.12,164.79 226.91,163.89 224.91,161.42
             221.90,157.70 221.88,158.33 225.92,129.92
             230.02,101.18 230.09,100.86 233.33,97.93
             235.77,95.72 236.79,95.71 252.94,97.83
             274.73,100.69 277.55,100.65 280.44,97.45
             283.92,93.59 282.57,90.53 269.86,73.47
             263.61,65.08 258.50,57.33 258.50,56.26
             258.50,53.55 240.38,54.94 225.19,58.82
             198.55,65.61 178.23,77.44 157.90,97.97
             130.72,125.41 116.81,159.37 116.88,198.13
             116.97,246.51 138.90,288.89 178.21,316.63
             192.73,326.88 200.54,335.12 205.55,345.52
             209.75,354.21 209.76,354.30 210.51,381.58
             211.33,411.26 211.81,413.32 218.95,417.67
             222.88,420.08 225.91,420.26 260.96,420.27
             313.29,420.27 311.79,421.24 311.82,387.38
             311.84,363.78 313.64,353.25 319.50,342.41
             323.90,334.27 333.88,323.89 343.78,317.16
             347.81,314.42 352.80,310.84 354.86,309.20
             354.86,309.20 358.61,306.22 358.61,306.22
             358.61,306.22 364.38,312.88 364.38,312.88
             367.56,316.54 369.86,320.04 369.48,320.65
             369.11,321.27 363.32,325.86 356.62,330.85
             341.63,342.04 338.10,345.73 334.22,354.23
             331.49,360.21 331.10,363.59 330.45,386.92
             329.61,416.61 328.87,419.40 319.31,428.70
             319.31,428.70 313.33,434.52 313.33,434.52
             313.33,434.52 312.90,463.09 312.90,463.09
             312.42,494.78 312.16,495.87 302.92,505.13
             293.98,514.07 290.35,514.94 261.83,514.94
             240.06,514.94 235.76,514.60 231.10,512.48
             231.10,512.48 231.10,512.48 231.10,512.48 Z
           M 282.58,496.32
           C 289.52,494.39 293.47,489.51 294.48,481.66
             294.94,478.00 294.94,474.40 294.48,473.64
             293.92,472.73 282.43,472.38 261.07,472.61
             261.07,472.61 228.52,472.97 228.52,472.97
             228.52,472.97 228.07,476.15 228.07,476.15
             226.87,484.64 233.22,495.36 240.26,496.72
             246.28,497.90 278.01,497.59 282.58,496.32
             282.58,496.32 282.58,496.32 282.58,496.32 Z
           M 294.48,446.96
           C 294.48,446.96 294.48,438.95 294.48,438.95
             294.48,438.95 261.17,438.95 261.17,438.95
             261.17,438.95 227.85,438.95 227.85,438.95
             227.85,438.95 227.85,446.07 227.85,446.07
             227.85,449.98 228.25,453.58 228.74,454.07
             229.23,454.56 244.22,454.96 262.05,454.96
             262.05,454.96 294.48,454.96 294.48,454.96
             294.48,454.96 294.48,446.96 294.48,446.96 Z
           M 125.93,384.58
           C 128.94,370.37 130.31,367.25 135.23,363.49
             138.30,361.14 141.19,360.23 145.53,360.23
             150.64,360.23 153.19,361.34 162.19,367.48
             162.19,367.48 172.81,374.72 172.81,374.72
             172.81,374.72 181.55,365.81 181.55,365.81
             189.40,357.81 190.16,356.56 189.02,353.60
             186.71,347.62 181.07,341.46 171.16,334.12
             161.66,327.09 158.57,325.60 158.57,328.07
             158.57,328.72 155.82,332.32 152.46,336.05
             148.31,340.68 143.14,344.44 136.27,347.84
             126.82,352.52 125.41,352.83 114.06,352.80
             103.17,352.77 101.03,352.33 93.02,348.46
             82.13,343.21 72.04,333.38 67.01,323.12
             63.66,316.28 63.29,314.16 63.29,301.53
             63.29,288.98 63.67,286.75 66.92,280.13
             73.80,266.12 85.47,255.83 98.81,252.03
             101.99,251.12 105.05,250.00 105.61,249.53
             106.17,249.06 105.41,243.95 103.94,238.18
             101.15,227.24 99.94,224.49 99.94,229.08
             99.94,232.70 95.33,238.38 90.27,241.00
             83.92,244.28 77.58,242.67 65.95,234.81
             65.95,234.81 55.63,227.84 55.63,227.84
             55.63,227.84 48.24,235.24 48.24,235.24
             48.24,235.24 40.85,242.64 40.85,242.64
             40.85,242.64 47.88,252.82 47.88,252.82
             55.82,264.33 57.47,270.73 54.14,277.18
             50.72,283.79 46.12,286.41 33.31,289.00
             33.31,289.00 21.32,291.43 21.32,291.43
             21.32,291.43 21.32,301.05 21.32,301.05
             21.32,301.05 21.32,310.68 21.32,310.68
             21.32,310.68 34.06,313.62 34.06,313.62
             48.42,316.95 53.88,320.86 55.39,328.90
             56.52,334.94 54.60,340.07 47.03,351.16
             47.03,351.16 40.77,360.33 40.77,360.33
             40.77,360.33 48.21,367.78 48.21,367.78
             48.21,367.78 55.65,375.23 55.65,375.23
             55.65,375.23 62.80,369.94 62.80,369.94
             73.02,362.38 77.72,360.23 84.04,360.23
             88.68,360.23 90.40,361.05 94.56,365.24
             98.61,369.32 99.93,372.05 101.73,380.08
             102.94,385.49 103.93,391.04 103.93,392.42
             103.93,394.64 105.04,394.92 113.84,394.92
             113.84,394.92 123.74,394.92 123.74,394.92
             123.74,394.92 125.93,384.58 125.93,384.58 Z
           M 121.57,343.15
           C 129.10,340.91 137.94,333.90 141.20,327.60
             143.15,323.83 143.05,323.63 133.83,312.15
             128.69,305.76 121.70,295.57 118.29,289.52
             111.56,277.59 110.97,277.26 101.21,279.98
             94.23,281.91 82.49,293.67 80.55,300.65
             75.39,319.26 84.66,337.86 101.75,343.17
             109.67,345.64 113.21,345.63 121.57,343.15
             121.57,343.15 121.57,343.15 121.57,343.15 Z
           M 368.25,275.09
           C 371.12,253.42 378.60,243.83 393.50,242.75
             405.57,241.88 411.00,245.12 422.12,259.81
             422.12,259.81 431.18,271.80 431.18,271.80
             431.18,271.80 435.36,268.87 435.36,268.87
             437.65,267.25 443.43,262.94 448.19,259.29
             452.95,255.63 457.06,252.50 457.31,252.33
             457.57,252.15 454.01,247.06 449.42,241.02
             441.29,230.33 437.70,223.28 437.60,217.81
             437.41,207.82 445.66,196.16 455.62,192.35
             460.88,190.34 462.94,190.27 473.86,191.72
             480.63,192.61 487.40,193.64 488.92,193.99
             491.49,194.58 491.82,193.56 494.05,178.45
             495.36,169.55 496.22,162.12 495.97,161.93
             495.71,161.74 489.80,160.83 482.83,159.90
             475.87,158.98 467.68,157.04 464.62,155.59
             453.83,150.49 447.54,136.99 450.82,125.99
             453.30,117.70 456.50,113.97 468.87,104.97
             468.87,104.97 480.08,96.82 480.08,96.82
             480.08,96.82 470.11,83.63 470.11,83.63
             470.11,83.63 460.13,70.44 460.13,70.44
             460.13,70.44 448.50,79.09 448.50,79.09
             442.10,83.85 434.51,88.39 431.63,89.18
             415.94,93.50 400.49,82.42 399.23,65.96
             398.94,62.15 399.54,53.90 400.57,47.63
             400.57,47.63 404.62,25.88 404.62,25.88
             404.62,25.88 388.68,23.56 388.68,23.56
             379.92,22.29 372.57,21.42 372.36,21.64
             372.15,21.85 371.06,28.19 369.93,35.73
             367.56,51.70 364.48,58.12 356.80,63.10
             349.43,67.89 341.24,68.96 333.82,66.12
             327.60,63.75 322.80,59.04 313.18,45.91
             313.18,45.91 307.23,37.79 307.23,37.79
             307.23,37.79 294.53,47.14 294.53,47.14
             287.54,52.28 281.59,56.67 281.30,56.89
             281.02,57.11 284.38,62.26 288.77,68.34
             299.40,83.06 300.19,84.75 300.19,93.00
             300.19,106.74 288.89,118.67 275.82,118.72
             272.53,118.74 264.87,118.05 258.82,117.21
             252.76,116.36 247.53,115.94 247.19,116.28
             246.23,117.24 241.97,146.67 242.69,147.38
             243.03,147.73 249.56,148.95 257.19,150.10
             272.64,152.42 276.96,154.40 283.01,161.90
             286.85,166.65 287.15,167.77 287.15,177.47
             287.15,190.32 286.05,192.04 270.11,204.31
             270.11,204.31 258.61,213.15 258.61,213.15
             258.61,213.15 267.95,225.65 267.95,225.65
             273.09,232.53 277.75,238.32 278.31,238.52
             278.87,238.72 284.68,234.84 291.22,229.91
             302.06,221.72 303.76,220.89 310.64,220.39
             320.57,219.67 326.59,221.82 332.29,228.14
             339.55,236.19 340.57,241.46 338.16,258.48
             337.05,266.38 336.29,273.03 336.48,273.25
             337.13,274.03 357.79,277.19 363.26,277.35
             363.26,277.35 368.75,277.51 368.75,277.51
             368.75,277.51 368.25,275.09 368.25,275.09 Z
           M 354.80,216.89
           C 334.86,212.05 317.34,198.02 308.65,179.91
             295.81,153.19 300.33,124.39 320.77,102.63
             334.40,88.12 350.17,81.39 370.53,81.39
             401.42,81.39 426.36,99.99 436.32,130.46
             439.72,140.83 439.44,159.72 435.74,170.71
             424.28,204.79 388.66,225.11 354.80,216.89
             354.80,216.89 354.80,216.89 354.80,216.89 Z
           M 392.20,195.00
           C 412.27,185.11 424.17,161.92 419.88,141.10
             417.66,130.35 413.25,121.89 405.97,114.39
             399.04,107.24 392.21,103.48 380.94,100.59
             359.28,95.03 334.77,107.26 324.44,128.78
             321.08,135.79 320.61,138.29 320.54,149.43
             320.48,160.47 320.94,163.09 324.04,169.73
             328.30,178.86 338.34,189.99 345.75,193.80
             355.51,198.83 361.38,200.12 372.63,199.70
             381.67,199.36 384.96,198.57 392.20,195.00
             392.20,195.00 392.20,195.00 392.20,195.00 Z
           M 372.07,416.60
           C 372.07,416.60 372.43,386.25 372.43,386.25
             372.43,386.25 381.42,385.86 381.42,385.86
             381.42,385.86 390.42,385.46 390.42,385.46
             390.42,385.46 390.42,416.21 390.42,416.21
             390.42,416.21 390.42,446.96 390.42,446.96
             390.42,446.96 381.06,446.96 381.06,446.96
             381.06,446.96 371.71,446.96 371.71,446.96
             371.71,446.96 372.07,416.60 372.07,416.60 Z
           M 442.43,434.94
           C 433.05,427.05 423.74,419.32 421.74,417.77
             419.75,416.21 415.97,413.06 413.35,410.75
             413.35,410.75 408.58,406.56 408.58,406.56
             408.58,406.56 414.21,399.88 414.21,399.88
             417.31,396.20 420.29,393.35 420.83,393.56
             423.03,394.37 471.34,435.27 471.34,436.32
             471.34,437.81 461.72,449.29 460.47,449.29
             459.93,449.29 451.81,442.83 442.43,434.94
             442.43,434.94 442.43,434.94 442.43,434.94 Z
           M 251.77,421.61
           C 251.77,421.61 252.15,408.60 252.15,408.60
             252.15,408.60 261.14,408.20 261.14,408.20
             261.14,408.20 270.14,407.81 270.14,407.81
             270.14,407.81 270.14,421.21 270.14,421.21
             270.14,421.21 270.14,434.61 270.14,434.61
             270.14,434.61 260.76,434.61 260.76,434.61
             260.76,434.61 251.38,434.61 251.38,434.61
             251.38,434.61 251.77,421.61 251.77,421.61 Z
           M 250.64,396.87
           C 249.59,386.82 244.97,376.94 237.17,368.05
             232.29,362.48 228.21,359.76 215.48,353.57
             179.03,335.86 158.56,313.78 147.27,280.03
             134.20,240.97 141.61,199.18 167.26,167.18
             177.22,154.75 194.98,139.68 197.68,141.35
             198.36,141.77 200.73,145.07 202.95,148.67
             202.95,148.67 206.98,155.23 206.98,155.23
             206.98,155.23 199.62,160.91 199.62,160.91
             182.01,174.51 169.01,193.62 162.93,214.81
             160.46,223.42 159.88,228.70 159.90,242.16
             159.93,262.10 161.94,270.71 170.83,288.82
             176.04,299.44 178.97,303.41 189.08,313.55
             200.25,324.75 202.50,326.32 219.79,334.91
             236.24,343.08 239.62,345.36 248.43,354.21
             254.50,360.29 259.82,367.12 261.97,371.57
             266.17,380.28 269.75,393.41 269.75,400.12
             269.75,400.12 269.75,404.93 269.75,404.93
             269.75,404.93 260.62,404.93 260.62,404.93
             260.62,404.93 251.48,404.93 251.48,404.93
             251.48,404.93 250.64,396.87 250.64,396.87 Z
           M 423.05,385.81
           C 422.66,384.80 422.53,380.75 422.76,376.80
             422.76,376.80 423.16,369.62 423.16,369.62
             423.16,369.62 453.48,369.26 453.48,369.26
             453.48,369.26 483.79,368.91 483.79,368.91
             483.79,368.91 483.79,378.27 483.79,378.27
             483.79,378.27 483.79,387.63 483.79,387.63
             483.79,387.63 453.77,387.63 453.77,387.63
             429.59,387.63 423.61,387.28 423.05,385.81
             423.05,385.81 423.05,385.81 423.05,385.81 Z
           M 13.41,155.97
           C 12.53,151.50 12.01,147.63 12.26,147.39
             12.95,146.69 76.97,130.75 79.08,130.75
             80.27,130.75 81.72,133.80 83.04,139.05
             84.19,143.62 85.01,147.48 84.86,147.62
             84.16,148.32 19.62,164.11 17.47,164.11
             15.52,164.11 14.67,162.41 13.41,155.97
             13.41,155.97 13.41,155.97 13.41,155.97 Z
           M 57.30,83.45
           C 41.54,72.16 28.13,62.09 27.49,61.08
             26.29,59.18 33.96,46.70 36.33,46.70
             37.35,46.70 91.97,85.19 95.14,88.15
             95.84,88.80 94.21,92.38 91.26,96.67
             88.46,100.74 86.12,104.05 86.06,104.03
             86.00,104.00 73.05,94.74 57.30,83.45
             57.30,83.45 57.30,83.45 57.30,83.45 Z
           M 115.91,72.38
           C 115.91,71.83 112.05,56.38 107.35,38.04
             101.11,13.73 99.22,4.44 100.36,3.72
             102.43,2.42 115.81,-0.59 116.38,0.12
             117.16,1.07 133.25,64.91 133.25,67.01
             133.25,68.33 130.56,69.78 125.50,71.20
             116.70,73.68 115.93,73.77 115.91,72.38
             115.91,72.38 115.91,72.38 115.91,72.38 Z" />
</svg>
